Subject	OverallAcc	Class0Acc	Class1Acc	Class2Acc
1	0.6444	0.6889	0.3913	0.8182
2	0.6111	0.5556	0.4783	0.8636
3	0.3333	0.2667	0.4783	0.3182
6	0.3556	0.3333	0.2500	0.5238
7	0.8222	0.8000	0.7391	0.9545
8	0.5778	0.6000	0.4545	0.6522
9	0.2778	0.2000	0.2500	0.4762
10	0.6333	0.7111	0.5833	0.5238
11	0.5778	0.6889	0.5652	0.3636
12	0.5111	0.5333	0.8095	0.2083
13	0.6333	0.6000	0.8696	0.4545
14	0.4222	0.4667	0.0455	0.6957
15	0.8667	0.9111	0.6957	0.9545
16	0.6333	0.6444	0.7273	0.5217
17	0.4889	0.4667	0.8261	0.1818
18	0.4667	0.7111	0.0000	0.4348
19	0.6333	0.6889	0.4783	0.6818
20	0.5444	0.6444	0.6522	0.2273
21	0.6222	0.6889	0.2500	0.9048
23	0.6000	0.5556	0.4545	0.8261
24	0.3556	0.3111	0.5000	0.3043
25	0.6778	0.8222	0.6818	0.3913
26	0.4667	0.4889	0.5833	0.2857
27	0.4556	0.5778	0.1739	0.5000
30	0.4222	0.2000	0.7083	0.5714
32	0.7889	0.8667	0.5238	0.8750
33	0.5444	0.4000	0.7391	0.6364
36	0.6000	0.7778	0.4783	0.3636
37	0.5000	0.7111	0.4545	0.0952
38	0.3889	0.4222	0.2609	0.4545
41	0.3820	0.3111	0.8261	0.0476
43	0.6778	0.7333	0.6522	0.5909
44	0.6556	0.6000	0.8636	0.5652
45	0.7444	0.8667	0.9130	0.3182
46	0.4333	0.3556	0.6522	0.3636
47	0.4000	0.3556	0.3750	0.5238
49	0.6778	1.0000	0.2174	0.5000
50	0.5556	0.7111	0.3478	0.4545
51	0.4889	0.6444	0.2500	0.4286
53	0.4667	0.2667	0.6364	0.6957
55	0.7667	0.7111	0.7826	0.8636
56	0.6222	0.5778	0.9091	0.4348
57	0.5111	0.6667	0.2500	0.4762
58	0.4222	0.2000	0.7083	0.5714
59	0.4444	0.4444	0.3333	0.5714
61	0.6111	0.5333	0.7273	0.6522
63	0.4111	0.4444	0.4545	0.3043
64	0.5730	0.4889	0.4348	0.9048
65	0.5667	0.4889	0.5833	0.7143
66	0.3000	0.3333	0.2727	0.2609
67	0.4000	0.4889	0.2727	0.3478
69	0.5667	0.7333	0.2500	0.5714
71	0.6778	0.7333	0.7727	0.4783
72	0.7500	0.6444	1.0000	0.7143
73	0.6782	0.8000	0.2857	0.8095
74	0.4545	0.4667	0.4091	0.4762
76	0.2644	0.2667	0.5238	0.0000
77	0.4778	0.5778	0.5714	0.2083
78	0.3444	0.3778	0.2609	0.3636
79	0.4000	0.5556	0.2273	0.2609
80	0.6222	0.6222	0.3913	0.8636
81	0.4333	0.7111	0.3182	0.0000
83	0.6444	0.5778	0.7273	0.6957
86	0.4889	0.3778	0.4545	0.7391
87	0.3333	0.2889	0.2273	0.5217
89	0.6222	0.9111	0.1667	0.5238
90	0.6111	0.7333	0.5455	0.4348
91	0.4444	0.4444	0.5455	0.3478
93	0.7222	0.6889	0.9565	0.5455
96	0.5111	0.4889	0.4348	0.6364
99	0.4111	0.4000	0.2273	0.6087
101	0.3889	0.4444	0.5455	0.1304
102	0.7586	0.7556	0.8571	0.6667
103	0.4667	0.3778	0.7727	0.3478
105	0.7111	0.7556	0.6522	0.6818
107	0.4222	0.3778	0.4167	0.5238
108	0.5556	0.6444	0.2727	0.6522
