Subject	OverallAcc	Class0Acc	Class1Acc	Class2Acc
1	0.5556	0.6000	0.4783	0.5455
2	0.6000	0.3778	0.7391	0.9091
20	0.5000	0.4889	0.6522	0.3636
23	0.5778	0.4667	0.5455	0.8261
32	0.8222	0.8667	0.6667	0.8750
38	0.4222	0.4000	0.4348	0.4545
43	0.6667	0.8444	0.6957	0.2727
45	0.7667	0.7778	0.9130	0.5909
46	0.4889	0.4444	0.7391	0.3182
49	0.5778	0.9556	0.0435	0.3636
57	0.4000	0.4889	0.1250	0.5238
60	0.6333	0.5556	0.5217	0.9091
64	0.4831	0.4222	0.4783	0.6190
69	0.6778	0.8222	0.5833	0.4762
71	0.5889	0.5333	0.9091	0.3913
73	0.6322	0.6667	0.3810	0.8095
83	0.6556	0.9333	0.5000	0.2609
87	0.3333	0.2444	0.1818	0.6522
102	0.7126	0.6444	0.8571	0.7143
