Subject	OverallAcc	Class0Acc	Class1Acc	Class2Acc
1	0.5333	0.6000	0.5652	0.3636
2	0.4667	0.2667	0.5652	0.7727
4	0.6889	0.9333	0.3043	0.5909
5	0.4444	0.5556	0.0952	0.5417
9	0.4333	0.4889	0.5417	0.1905
16	0.5889	0.6444	0.3636	0.6957
17	0.5111	0.5333	0.3478	0.6364
19	0.6111	0.5778	0.6087	0.6818
20	0.6333	0.8222	0.5217	0.3636
23	0.5889	0.5333	0.6364	0.6522
25	0.7222	0.9333	0.6818	0.3478
26	0.5333	0.6000	0.5833	0.3333
27	0.4111	0.5333	0.0435	0.5455
32	0.7333	0.9333	0.8095	0.2917
33	0.5333	0.4000	0.5652	0.7727
36	0.5778	0.7333	0.3913	0.4545
38	0.4889	0.7111	0.2174	0.3182
39	0.5333	0.7778	0.3043	0.2727
43	0.7000	0.6889	0.8261	0.5909
44	0.5889	0.6889	0.4545	0.5217
45	0.7556	0.8444	0.6522	0.6818
46	0.4556	0.4222	0.6087	0.3636
49	0.6111	1.0000	0.0435	0.4091
50	0.5556	0.7333	0.3913	0.3636
51	0.5222	0.6222	0.5833	0.2381
55	0.8111	0.9333	0.6522	0.7273
56	0.6000	0.4667	0.6818	0.7826
57	0.4333	0.4444	0.3333	0.5238
58	0.4000	0.4000	0.4167	0.3810
59	0.5444	0.6222	0.5000	0.4286
60	0.6556	0.5333	0.6522	0.9091
61	0.6333	0.7778	0.5909	0.3913
63	0.4222	0.3111	0.4091	0.6522
64	0.5281	0.4444	0.6087	0.6190
67	0.4000	0.5556	0.4545	0.0435
69	0.6333	0.8667	0.5000	0.2857
71	0.7000	0.7778	0.8182	0.4348
72	0.7386	0.6000	1.0000	0.7619
73	0.6322	0.8000	0.5238	0.3810
74	0.4545	0.5111	0.2727	0.5238
77	0.4444	0.5778	0.3333	0.2917
80	0.5444	0.5778	0.5217	0.5000
83	0.6778	0.7778	0.7273	0.4348
87	0.4222	0.5111	0.2727	0.3913
89	0.5444	0.6000	0.3333	0.6667
90	0.6000	0.6667	0.4545	0.6087
91	0.4444	0.4667	0.5455	0.3043
93	0.6222	0.5778	0.9130	0.4091
95	0.4444	0.6000	0.2174	0.3636
96	0.5778	0.6667	0.3478	0.6364
102	0.6897	0.7556	0.6190	0.6190
103	0.5333	0.4889	0.6364	0.5217
105	0.6000	0.6667	0.6522	0.4091
108	0.5111	0.7111	0.1818	0.4348
