Subject	OverallAcc	Class0Acc	Class1Acc	Class2Acc
1	0.5000	0.3556	0.5652	0.7273
2	0.5333	0.3111	0.8696	0.6364
3	0.2444	0.0222	0.6087	0.3182
4	0.6222	0.5333	0.5217	0.9091
5	0.4444	0.4222	0.1429	0.7500
7	0.6444	0.3556	0.8696	1.0000
8	0.4333	0.1556	0.6818	0.7391
10	0.5222	0.4889	0.3750	0.7619
14	0.4111	0.3111	0.1818	0.8261
15	0.7667	0.7556	0.6522	0.9091
16	0.4778	0.3333	0.7273	0.5217
18	0.2778	0.3111	0.2273	0.2609
20	0.4556	0.3556	0.6087	0.5000
22	0.4111	0.3111	0.1818	0.8261
23	0.4444	0.2889	0.4091	0.7826
25	0.5889	0.5333	0.6818	0.6087
27	0.4333	0.3556	0.3913	0.6364
28	0.5556	0.5111	0.7727	0.4348
29	0.7889	0.5778	1.0000	1.0000
30	0.4000	0.1556	1.0000	0.2381
31	0.4000	0.0667	0.9091	0.5652
32	0.6222	0.5111	0.8571	0.6250
33	0.6222	0.3778	0.8696	0.8636
34	0.7500	0.5778	0.8571	1.0000
35	0.5444	0.4000	0.8636	0.5217
37	0.2841	0.3111	0.3636	0.1429
38	0.3556	0.2000	0.5217	0.5000
39	0.4667	0.4000	0.5652	0.5000
40	0.4000	0.4667	0.3333	0.3333
41	0.4831	0.5333	0.6957	0.1429
42	0.7444	0.8667	0.7273	0.5217
43	0.6889	0.6667	0.7826	0.6364
44	0.5556	0.4000	0.7273	0.6957
47	0.2556	0.0889	0.3750	0.4762
48	0.5889	0.4000	0.9091	0.6522
52	0.6889	0.6222	0.7500	0.7619
54	0.5778	0.5111	0.6087	0.6818
55	0.6667	0.5333	0.6957	0.9091
56	0.4111	0.1778	0.9091	0.3913
57	0.3889	0.2444	0.3750	0.7143
59	0.4000	0.3556	0.2500	0.6667
60	0.6111	0.3556	0.7826	0.9545
61	0.5444	0.3111	0.7727	0.7826
62	0.7889	0.6000	1.0000	0.9545
64	0.3596	0.1556	0.3478	0.8095
65	0.4111	0.1111	0.6250	0.8095
66	0.2556	0.1333	0.2273	0.5217
68	0.4222	0.2667	0.5909	0.5652
69	0.6444	0.6889	0.6250	0.5714
70	0.5889	0.3778	0.9545	0.6522
71	0.6111	0.4889	0.9545	0.5217
72	0.7386	0.5333	0.9091	1.0000
75	0.6111	0.4222	0.7273	0.8696
77	0.3222	0.2444	0.5714	0.2500
78	0.2444	0.1333	0.1304	0.5909
79	0.3889	0.2667	0.5000	0.5217
80	0.6000	0.4667	0.5652	0.9091
81	0.2556	0.0667	0.9091	0.0000
82	0.4556	0.2444	0.5217	0.8182
83	0.5778	0.5556	0.7273	0.4783
84	0.3778	0.2000	0.3043	0.8182
85	0.7667	0.7556	0.7826	0.7727
90	0.4444	0.4000	0.2727	0.6957
93	0.6333	0.5333	0.7826	0.6818
94	0.5667	0.5556	0.7273	0.4348
95	0.4778	0.2889	0.8261	0.5000
96	0.3556	0.1556	0.4348	0.6818
97	0.3889	0.5111	0.4348	0.0909
98	0.4667	0.3333	0.9565	0.2273
101	0.2778	0.1111	0.6364	0.2609
103	0.4889	0.4444	0.9091	0.1739
105	0.4889	0.4667	0.5652	0.4545
106	0.3333	0.1111	0.5417	0.5714
107	0.3556	0.1333	0.4583	0.7143
108	0.4778	0.3556	0.5455	0.6522
