Subject	OverallAcc	Class0Acc	Class1Acc	Class2Acc
1	0.6111	0.6222	0.4348	0.7727
3	0.2889	0.2222	0.3043	0.4091
6	0.4222	0.4222	0.3750	0.4762
7	0.8000	0.6667	0.9130	0.9545
8	0.6333	0.7556	0.4091	0.6087
9	0.3444	0.2000	0.5000	0.4762
11	0.5778	0.6222	0.5652	0.5000
12	0.5000	0.4889	0.8095	0.2500
13	0.5556	0.4889	0.6957	0.5455
15	0.7889	0.8667	0.5217	0.9091
16	0.5889	0.6667	0.5455	0.4783
17	0.4778	0.5333	0.6957	0.1364
18	0.3667	0.4667	0.0000	0.5217
19	0.6000	0.6222	0.6087	0.5455
21	0.5556	0.7111	0.1667	0.6667
23	0.6667	0.6889	0.4091	0.8696
24	0.4000	0.4222	0.3636	0.3913
25	0.7000	0.8444	0.5455	0.5652
26	0.4000	0.3111	0.6667	0.2857
30	0.3889	0.2000	0.7500	0.3810
33	0.5222	0.3778	0.7391	0.5909
36	0.5333	0.6222	0.5217	0.3636
37	0.3750	0.4444	0.4545	0.1429
38	0.3778	0.4000	0.3478	0.3636
41	0.4944	0.4889	0.9130	0.0476
45	0.7111	0.8667	0.9130	0.1818
46	0.4778	0.4889	0.6522	0.2727
47	0.3556	0.2667	0.2500	0.6667
50	0.4556	0.6222	0.3043	0.2727
51	0.4889	0.5778	0.4167	0.3810
53	0.3778	0.2889	0.1818	0.7391
55	0.8111	0.8444	0.7391	0.8182
56	0.6222	0.4889	0.5455	0.9565
57	0.5000	0.6444	0.3333	0.3810
58	0.5222	0.5556	0.5417	0.4286
59	0.4000	0.4222	0.5000	0.2381
61	0.6111	0.4667	0.8636	0.6522
63	0.3778	0.4667	0.2727	0.3043
64	0.4045	0.3111	0.1304	0.9048
66	0.2778	0.2444	0.5455	0.0870
67	0.3778	0.4667	0.0909	0.4783
70	0.4444	0.4222	0.4545	0.4783
71	0.7444	0.7556	0.8182	0.6522
73	0.6437	0.7111	0.2857	0.8571
74	0.5000	0.5333	0.3182	0.6190
76	0.3103	0.3778	0.3333	0.1429
78	0.3556	0.4667	0.1739	0.3182
79	0.4111	0.6222	0.1364	0.2609
80	0.6111	0.6444	0.3478	0.8182
81	0.4333	0.5111	0.6364	0.0870
86	0.6222	0.5333	0.7273	0.6957
87	0.3333	0.2889	0.2273	0.5217
89	0.5889	0.7556	0.1667	0.7143
90	0.5111	0.6444	0.2273	0.5217
91	0.4000	0.4000	0.4545	0.3478
93	0.6444	0.5556	0.8261	0.6364
96	0.5556	0.5333	0.4783	0.6818
98	0.4778	0.4000	0.7826	0.3182
99	0.2889	0.1333	0.2727	0.6087
101	0.4444	0.6000	0.5000	0.0870
105	0.7333	0.8444	0.6522	0.5909
107	0.4444	0.3333	0.5417	0.5714
108	0.5444	0.6444	0.3182	0.5652
