Subject	OverallAcc	Class0Acc	Class1Acc	Class2Acc
1	0.5889	0.6444	0.6522	0.4091
2	0.5000	0.3556	0.6087	0.6818
3	0.3222	0.4000	0.3478	0.1364
4	0.6889	0.8667	0.4348	0.5909
5	0.4444	0.5556	0.1429	0.5000
6	0.3889	0.4667	0.2500	0.3810
7	0.7778	0.7778	0.6522	0.9091
8	0.6111	0.6222	0.6364	0.5652
9	0.4556	0.4222	0.3750	0.6190
10	0.5667	0.6000	0.5000	0.5714
11	0.5778	0.8000	0.3913	0.3182
12	0.5333	0.5333	0.6667	0.4167
13	0.6111	0.6222	0.7826	0.4091
15	0.8111	0.8889	0.6522	0.8182
16	0.5778	0.5556	0.4091	0.7826
17	0.5556	0.6222	0.8261	0.1364
18	0.4889	0.6667	0.1364	0.4783
19	0.6111	0.6222	0.5652	0.6364
20	0.6111	0.7778	0.6522	0.2273
21	0.6111	0.6667	0.4583	0.6667
22	0.5778	0.6889	0.4545	0.4783
23	0.5889	0.6667	0.7273	0.3043
24	0.3889	0.4000	0.3182	0.4348
25	0.7111	0.9556	0.5909	0.3478
26	0.5333	0.6222	0.5417	0.3333
27	0.4111	0.5111	0.0435	0.5909
30	0.4000	0.1778	1.0000	0.1905
32	0.7333	0.8889	0.7143	0.4583
33	0.6111	0.5333	0.8261	0.5455
36	0.6111	0.7778	0.3478	0.5455
37	0.4091	0.5333	0.3182	0.2381
38	0.4556	0.6000	0.3043	0.3182
39	0.4333	0.5111	0.3478	0.3636
41	0.4607	0.4222	0.7826	0.1905
43	0.7667	0.8667	0.6957	0.6364
44	0.5889	0.5556	0.7727	0.4783
45	0.7111	0.8000	0.7391	0.5000
46	0.3778	0.3111	0.4783	0.4091
47	0.3778	0.2889	0.3750	0.5714
49	0.6667	0.9778	0.1739	0.5455
50	0.5000	0.6444	0.2174	0.5000
51	0.5222	0.6667	0.5417	0.1905
53	0.4000	0.3556	0.2727	0.6087
55	0.7889	0.8444	0.6522	0.8182
56	0.6333	0.5778	0.6364	0.7391
57	0.5444	0.7556	0.2917	0.3810
58	0.5111	0.5778	0.5833	0.2857
59	0.4556	0.4667	0.5417	0.3333
61	0.5667	0.5778	0.6364	0.4783
63	0.3556	0.2222	0.5909	0.3913
64	0.4270	0.3333	0.2609	0.8095
65	0.4333	0.4889	0.3333	0.4286
66	0.3667	0.3333	0.4091	0.3913
67	0.3556	0.4667	0.2727	0.2174
68	0.6556	0.8222	0.4545	0.5217
69	0.6889	0.9333	0.3750	0.5238
70	0.5556	0.4000	0.7727	0.6522
71	0.6889	0.7333	0.8182	0.4783
72	0.7045	0.6000	1.0000	0.6190
73	0.6092	0.6222	0.7143	0.4762
74	0.4773	0.6222	0.1364	0.5238
76	0.3448	0.4222	0.2381	0.2857
77	0.4333	0.5556	0.3810	0.2500
78	0.3889	0.5111	0.2609	0.2727
79	0.5000	0.7556	0.3636	0.1304
80	0.6444	0.7333	0.6087	0.5000
81	0.5222	0.7778	0.3636	0.1739
82	0.5667	0.6000	0.6522	0.4091
83	0.6222	0.8444	0.5455	0.2609
84	0.5222	0.4667	0.4783	0.6818
86	0.6667	0.5556	0.7273	0.8261
87	0.5111	0.5111	0.4545	0.5652
89	0.6000	0.7556	0.3750	0.5238
90	0.5222	0.5556	0.3636	0.6087
91	0.4889	0.4667	0.5909	0.4348
95	0.4556	0.5778	0.3043	0.3636
96	0.5333	0.5778	0.3913	0.5909
98	0.5444	0.6444	0.6522	0.2273
99	0.4000	0.4667	0.1818	0.4783
101	0.4556	0.5111	0.4091	0.3913
102	0.6897	0.6889	1.0000	0.3810
103	0.5000	0.4889	0.7273	0.3043
105	0.6111	0.5778	0.6957	0.5909
107	0.3444	0.2667	0.4167	0.4286
108	0.5556	0.7333	0.3182	0.4348
