cluster   0   1
subject        
1        13  32
2        42   3
3        21  24
4        28  17
5        11  34
6        45   0
7         2  43
8        20  25
9        45   0
10        1  44
11       45   0
12       45   0
13       45   0
14        0  45
15       38   7
16       44   1
17       45   0
18       42   3
19       45   0
20       14  31
21       45   0
22        5  40
23       40   5
24       45   0
25       44   1
26       45   0
27        8  37
28        0  45
29        0  45
30       16  29
31        0  45
32       43   2
33        7  38
34        0  45
35        0  45
36       45   0
37       44   1
38       25  20
39        8  37
40        0  45
41       15  30
42        0  45
43       29  16
44        2  43
45       45   0
46       45   0
47       31  14
48        0  45
49       45   0
50       45   0
51       45   0
52        0  45
53       45   0
54        0  45
55       20  25
56       30  15
57       43   2
58       45   0
59        6  39
60        0  45
61       42   3
62        0  45
63       45   0
64       36   9
65        1  44
66       12  33
67       45   0
68        6  39
69       37   8
70        2  43
71       15  30
72        2  43
73       45   0
74       45   0
75        0  45
76       45   0
77        1  44
78        1  44
79       11  34
80       33  12
81       32  13
82        1  44
83       44   1
84        1  44
85        0  45
86       45   0
87       45   0
89       45   0
90        5  40
91       45   0
93        0  45
94        0  45
95        6  39
96       31  14
97        0  45
98        7  38
99       45   0
101      26  19
102      45   0
103       2  43
105       1  44
106       0  45
107      22  23
108      31  14