Subject	OverallAcc	Class0Acc	Class1Acc	Class2Acc
1	0.6111	0.6667	0.4783	0.6364
3	0.3111	0.2889	0.4348	0.2273
6	0.3333	0.4444	0.1667	0.2857
7	0.7778	0.7111	0.7391	0.9545
8	0.5889	0.6222	0.5909	0.5217
10	0.6000	0.5778	0.5417	0.7143
11	0.5444	0.5778	0.7391	0.2727
12	0.5556	0.5556	0.6667	0.4583
14	0.4889	0.4667	0.1364	0.8696
15	0.7889	0.8000	0.6957	0.8636
16	0.5556	0.6222	0.6364	0.3478
18	0.4000	0.6222	0.0909	0.2609
20	0.5667	0.6000	0.6957	0.3636
21	0.4556	0.5111	0.1250	0.7143
23	0.5778	0.4889	0.4545	0.8696
25	0.7111	0.8889	0.4545	0.6087
27	0.5000	0.6222	0.2174	0.5455
28	0.5000	0.5333	0.5000	0.4348
29	0.7556	0.5556	0.9130	1.0000
30	0.4667	0.3333	0.8333	0.3333
31	0.4444	0.0889	0.8636	0.7391
36	0.5000	0.6889	0.3478	0.2727
38	0.4333	0.5556	0.3043	0.3182
42	0.6778	0.8444	0.7273	0.3043
44	0.6000	0.4889	1.0000	0.4348
47	0.3556	0.3333	0.3750	0.3810
48	0.6222	0.5111	0.6818	0.7826
55	0.8222	0.7778	0.9130	0.8182
56	0.6667	0.5778	0.8182	0.6957
59	0.4444	0.5778	0.2083	0.4286
61	0.6444	0.5556	0.6818	0.7826
62	0.8000	0.6222	1.0000	0.9545
64	0.5056	0.5111	0.2174	0.8095
65	0.5333	0.5333	0.5000	0.5714
66	0.2333	0.2000	0.2727	0.2609
70	0.4444	0.2667	0.6818	0.5652
73	0.6782	0.8000	0.3810	0.7143
74	0.4773	0.6000	0.1364	0.5714
76	0.3103	0.3111	0.6190	0.0000
77	0.4556	0.4667	0.6190	0.2917
78	0.3667	0.4444	0.3913	0.1818
79	0.4556	0.7333	0.2727	0.0870
80	0.6222	0.6222	0.5217	0.7273
81	0.4222	0.7111	0.2727	0.0000
82	0.5000	0.4889	0.5217	0.5000
86	0.5111	0.4444	0.5455	0.6087
87	0.3222	0.3111	0.2727	0.3913
90	0.6889	0.7556	0.6364	0.6087
93	0.6444	0.6444	0.6522	0.6364
96	0.5444	0.4667	0.5652	0.6818
98	0.4889	0.4222	0.7826	0.3182
99	0.3556	0.4000	0.2727	0.3478
105	0.6222	0.6000	0.6087	0.6818
106	0.4778	0.3778	0.9167	0.1905
107	0.4333	0.3556	0.3333	0.7143
108	0.4222	0.4444	0.2273	0.5652
