Subject	OverallAcc	Class0Acc	Class1Acc	Class2Acc
10	0.6444	0.6000	0.7917	0.5714
14	0.4222	0.4000	0.1364	0.7391
20	0.5111	0.5111	0.8261	0.1818
27	0.4556	0.4222	0.4348	0.5455
28	0.5556	0.6444	0.5909	0.3478
29	0.8111	0.6667	0.9130	1.0000
31	0.4000	0.1111	0.8636	0.5217
33	0.4778	0.2889	0.5217	0.8182
34	0.7500	0.5556	0.9524	0.9545
35	0.5889	0.5778	1.0000	0.2174
39	0.4778	0.6444	0.1304	0.5000
41	0.5393	0.6889	0.4348	0.3333
42	0.6556	0.7556	0.8182	0.3043
44	0.6444	0.5778	0.7727	0.6522
48	0.6556	0.5333	0.6364	0.9130
52	0.7444	0.7333	0.7917	0.7143
54	0.7111	0.7778	0.7391	0.5455
55	0.8444	0.8444	0.8261	0.8636
59	0.4222	0.4222	0.1250	0.7619
60	0.7000	0.5778	0.6957	0.9545
62	0.8667	0.7556	1.0000	0.9545
65	0.5333	0.4222	0.4583	0.8571
66	0.2556	0.2444	0.2727	0.2609
70	0.5000	0.2444	0.8182	0.6957
71	0.7333	0.7111	0.9091	0.6087
72	0.8068	0.6667	0.9091	1.0000
75	0.6778	0.6889	0.5455	0.7826
77	0.4556	0.5333	0.5238	0.2500
78	0.3667	0.4222	0.4348	0.1818
79	0.4222	0.5111	0.4545	0.2174
82	0.5111	0.4667	0.5652	0.5455
83	0.4889	0.4667	0.8636	0.1739
84	0.4556	0.4222	0.2609	0.7273
85	0.7889	0.8667	0.6522	0.7727
90	0.5000	0.5556	0.3636	0.5217
93	0.7000	0.6444	0.9565	0.5455
94	0.5333	0.4889	0.2727	0.8696
98	0.4889	0.3556	0.9565	0.2727
103	0.5444	0.6000	0.4091	0.5652
105	0.6111	0.6222	0.6522	0.5455
106	0.5111	0.3778	0.8333	0.4286
107	0.4444	0.3778	0.2500	0.8095
108	0.5556	0.6889	0.3182	0.5217
