Subject	OverallAcc	Class0Acc	Class1Acc	Class2Acc
1	0.6222	0.6889	0.3043	0.8182
3	0.2778	0.2889	0.3478	0.1818
6	0.3667	0.3556	0.2083	0.5714
7	0.7667	0.6667	0.7826	0.9545
8	0.6333	0.6667	0.5909	0.6087
10	0.6889	0.7556	0.6667	0.5714
11	0.6222	0.6444	0.6087	0.5909
12	0.5667	0.5111	0.8095	0.4583
13	0.5778	0.3778	0.8696	0.6818
14	0.4333	0.4222	0.1364	0.7391
15	0.8222	0.8889	0.6087	0.9091
16	0.6444	0.6889	0.8182	0.3913
18	0.3889	0.5778	0.0909	0.3043
19	0.6222	0.5778	0.5652	0.7727
20	0.6000	0.7556	0.6522	0.2273
21	0.4667	0.5333	0.1250	0.7143
23	0.5778	0.5556	0.4545	0.7391
25	0.7222	0.8889	0.4545	0.6522
26	0.3444	0.2222	0.6667	0.2381
27	0.5111	0.5111	0.4783	0.5455
28	0.6000	0.7556	0.4091	0.4783
29	0.8111	0.6667	0.9130	1.0000
30	0.4111	0.3111	0.7083	0.2857
31	0.4667	0.2000	0.8636	0.6087
33	0.6444	0.5556	0.8696	0.5909
34	0.7841	0.6222	0.9524	0.9545
35	0.6111	0.6667	0.9545	0.1739
36	0.5556	0.6889	0.5217	0.3182
38	0.4444	0.4667	0.4348	0.4091
41	0.4944	0.5111	0.8696	0.0476
42	0.7333	0.9111	0.7273	0.3913
44	0.6889	0.6444	0.7273	0.7391
45	0.7556	0.8222	0.7391	0.6364
47	0.3000	0.2000	0.2917	0.5238
48	0.6667	0.5556	0.6818	0.8696
50	0.4556	0.5333	0.2609	0.5000
52	0.7444	0.7333	0.7917	0.7143
53	0.3889	0.2889	0.2727	0.6957
54	0.6556	0.7778	0.6957	0.3636
55	0.8000	0.7556	0.7826	0.9091
56	0.6333	0.5333	0.6364	0.8261
57	0.4222	0.6000	0.1250	0.3810
59	0.4111	0.5333	0.0000	0.6190
61	0.5667	0.5111	0.4545	0.7826
62	0.8667	0.7556	1.0000	0.9545
64	0.5506	0.4667	0.6522	0.6190
65	0.4889	0.4889	0.3333	0.6667
66	0.2667	0.2667	0.3182	0.2174
70	0.5222	0.3111	0.7273	0.7391
71	0.7556	0.7333	0.9545	0.6087
72	0.7955	0.6889	0.9545	0.8571
73	0.7011	0.8000	0.4762	0.7143
74	0.4659	0.4889	0.2727	0.6190
75	0.7111	0.6222	0.6818	0.9130
76	0.2759	0.3333	0.4286	0.0000
77	0.4333	0.5333	0.5238	0.1667
78	0.3778	0.4000	0.3478	0.3636
79	0.3778	0.6000	0.2727	0.0435
80	0.6444	0.7333	0.3478	0.7727
81	0.4333	0.6667	0.4091	0.0000
82	0.5556	0.4889	0.6522	0.5909
83	0.6333	0.7556	0.7273	0.3043
84	0.4333	0.4000	0.1739	0.7727
86	0.5333	0.4000	0.6818	0.6522
87	0.3333	0.3111	0.3636	0.3478
90	0.6444	0.7333	0.6364	0.4783
91	0.5000	0.5333	0.5455	0.3913
93	0.6667	0.6222	0.8261	0.5909
94	0.6556	0.8222	0.3182	0.6522
96	0.5111	0.5556	0.2609	0.6818
98	0.5000	0.4667	0.6957	0.3636
99	0.3000	0.1333	0.3182	0.6087
102	0.7126	0.6222	0.9048	0.7143
103	0.5222	0.5111	0.6364	0.4348
105	0.7111	0.8222	0.5652	0.6364
106	0.5000	0.5111	0.5000	0.4762
107	0.4333	0.3333	0.4583	0.6190
108	0.4889	0.5111	0.3636	0.5652
