cluster   0   1
subject        
1        59  31
2        90   0
3        75  15
4        90   0
5        90   0
6        71  19
7         0  90
8        85   5
9        90   0
10       26  64
11        8  82
12       11  79
13       61  29
14        7  83
15        5  85
16       36  54
17       90   0
18       69  21
19       88   2
20       65  25
21        0  90
22       90   0
23       37  53
24       90   0
25       82   8
26       81   9
27       81   9
28       22  68
29        0  90
30        5  85
31        0  90
32       90   0
33       25  65
34        0  88
35        5  85
36       18  72
37       88   0
38       89   1
39       90   0
40       90   0
41       67  22
42        0  90
43       90   0
44        6  84
45       89   1
46       90   0
47        0  90
48        0  90
49       90   0
50       76  14
51       90   0
52       25  65
53       83   7
54        0  90
55        4  86
56       13  77
57       88   2
58       90   0
59       31  59
60       90   0
61       42  48
62        0  90
63       90   0
64       47  42
65       23  67
66        3  87
67       90   0
68       90   0
69       90   0
70        0  90
71       89   1
72       65  23
73       73  14
74       14  74
75       68  22
76       57  30
77       25  65
78       27  63
79       83   7
80       85   5
81        0  90
82        4  86
83       89   1
84       22  68
85       90   0
86        2  88
87       79  11
89       90   0
90       62  28
91       76  14
93       37  53
94        2  88
95       90   0
96       59  31
97       90   0
98       24  66
99        0  90
101      90   0
102      79   8
103      38  52
105       0  90
106       2  88
107       0  90
108      35  55