Subject	OverallAcc	Class0Acc	Class1Acc	Class2Acc
7	0.7556	0.5556	0.9565	0.9545
14	0.4111	0.3556	0.0909	0.8261
29	0.7778	0.5778	0.9565	1.0000
30	0.4000	0.2889	0.6667	0.3333
31	0.4000	0.1333	0.4091	0.9130
33	0.5333	0.4222	0.5652	0.7273
34	0.7500	0.5556	0.9524	0.9545
35	0.5556	0.5778	1.0000	0.0870
42	0.7000	0.8667	0.8182	0.2609
44	0.6556	0.5778	0.8182	0.6522
47	0.3111	0.2000	0.2083	0.6667
48	0.6667	0.5778	0.6364	0.8696
52	0.7000	0.6667	0.7083	0.7619
54	0.7111	0.8444	0.6957	0.4545
55	0.8778	0.8667	0.9130	0.8636
56	0.6889	0.6444	0.8182	0.6522
59	0.4111	0.4889	0.1250	0.5714
62	0.8222	0.6667	1.0000	0.9545
66	0.2556	0.2444	0.3182	0.2174
70	0.4111	0.2444	0.6818	0.4783
72	0.7386	0.6667	0.6818	0.9524
82	0.5111	0.5556	0.6087	0.3182
84	0.4444	0.4000	0.3043	0.6818
93	0.7333	0.7111	0.9565	0.5455
94	0.5778	0.5333	0.3182	0.9130
98	0.4778	0.4000	0.8261	0.2727
105	0.6667	0.7556	0.5217	0.6364
106	0.5111	0.4444	0.7917	0.3333
107	0.3889	0.3556	0.5000	0.3333
108	0.5444	0.7333	0.2727	0.4348
