Subject	OverallAcc	Class0Acc	Class1Acc	Class2Acc
1	0.6778	0.7333	0.6087	0.6364
3	0.2889	0.2667	0.3913	0.2273
7	0.8000	0.6444	0.9565	0.9545
8	0.5333	0.4000	0.5909	0.7391
10	0.6000	0.5556	0.6250	0.6667
11	0.5000	0.5333	0.8261	0.0909
14	0.4778	0.5111	0.2273	0.6522
15	0.8667	0.9333	0.7391	0.8636
20	0.5556	0.6889	0.6522	0.1818
21	0.4000	0.3556	0.1667	0.7619
23	0.5556	0.5111	0.5455	0.6522
25	0.6444	0.9111	0.1818	0.5652
27	0.5333	0.6000	0.3478	0.5909
28	0.6000	0.6667	0.4091	0.6522
29	0.8222	0.6667	0.9565	1.0000
30	0.3889	0.2889	0.7500	0.1905
31	0.4222	0.0889	0.6818	0.8261
33	0.5556	0.4444	0.6087	0.7273
34	0.7727	0.5778	1.0000	0.9545
35	0.6889	0.6889	1.0000	0.3913
38	0.4444	0.4444	0.5217	0.3636
41	0.5393	0.6444	0.6522	0.1905
42	0.6889	0.7333	0.8636	0.4348
44	0.6333	0.6222	0.6818	0.6087
47	0.3333	0.2000	0.2500	0.7143
48	0.6667	0.6222	0.6364	0.7826
52	0.7333	0.7333	0.7500	0.7143
54	0.6778	0.7778	0.8696	0.2727
55	0.7889	0.7778	0.7391	0.8636
56	0.6000	0.4889	0.8182	0.6087
59	0.4667	0.5556	0.1667	0.6190
61	0.6222	0.5111	0.7727	0.6957
62	0.8444	0.7333	1.0000	0.9091
64	0.4944	0.5333	0.0870	0.8571
65	0.5778	0.5556	0.4167	0.8095
66	0.2667	0.2000	0.4545	0.2174
70	0.4667	0.2889	0.7273	0.5652
71	0.7333	0.6444	0.9545	0.6957
72	0.7727	0.6444	0.9545	0.8571
75	0.6778	0.5778	0.6364	0.9130
77	0.4222	0.5333	0.4286	0.2083
78	0.3444	0.3778	0.3913	0.2273
79	0.3556	0.5111	0.2727	0.1304
81	0.3222	0.4889	0.3182	0.0000
82	0.5778	0.5111	0.5652	0.7273
83	0.5444	0.7556	0.5455	0.1304
84	0.4667	0.4222	0.3043	0.7273
86	0.5556	0.5111	0.5455	0.6522
90	0.5556	0.6222	0.4091	0.5652
93	0.6889	0.6222	0.9130	0.5909
94	0.6222	0.6444	0.4545	0.7391
96	0.5333	0.4444	0.4783	0.7727
98	0.4778	0.4000	0.8261	0.2727
103	0.5556	0.6889	0.4545	0.3913
105	0.6333	0.6889	0.5217	0.6364
106	0.5000	0.4000	0.7083	0.4762
107	0.3778	0.3556	0.5000	0.2857
108	0.5111	0.6000	0.2727	0.5652
