cluster   0   1
subject        
1        27  18
2        45   0
3        36   9
4        45   0
5        42   3
6        45   0
7         1  44
8        38   7
9        45   0
10        0  45
11       44   1
12       45   0
13       45   0
14        0  45
15       38   7
16       45   0
17       45   0
18       45   0
19       45   0
20       18  27
21       43   2
22       44   1
23       41   4
24       45   0
25       45   0
26       45   0
27       17  28
28        0  45
29        0  45
30        9  36
31        0  45
32       45   0
33        1  44
34        0  45
35        0  45
36       45   0
37       45   0
38       38   7
39       34  11
40        7  38
41        8  37
42        0  45
43       42   3
44        2  43
45       45   0
46       45   0
47       18  27
48        0  45
49       45   0
50       45   0
51       45   0
52        0  45
53       45   0
54        0  45
55       22  23
56       26  19
57       45   0
58       45   0
59        4  41
60        8  37
61       43   2
62        0  45
63       45   0
64       40   5
65        6  39
66        5  40
67       45   0
68       25  20
69       42   3
70        0  45
71       21  24
72        0  45
73       45   0
74       44   1
75        0  45
76       44   1
77        4  41
78        2  43
79       21  24
80       45   0
81       41   4
82        1  44
83       45   0
84        0  45
85        0  45
86       45   0
87       45   0
89       45   0
90        5  40
91       45   0
93        0  45
94        0  45
95       23  22
96       35  10
97       11  34
98        0  45
99       43   2
101      45   0
102      44   1
103       6  39
105       1  44
106       0  45
107      14  31
108      25  20