Subject	OverallAcc	Class0Acc	Class1Acc	Class2Acc
1	0.6333	0.6444	0.4348	0.8182
3	0.3222	0.2667	0.3043	0.4545
4	0.6778	0.9111	0.2174	0.6818
5	0.4889	0.5778	0.0476	0.7083
8	0.5222	0.4222	0.5909	0.6522
10	0.5556	0.4889	0.5000	0.7619
11	0.5889	0.6667	0.7391	0.2727
14	0.4333	0.4000	0.1818	0.7391
16	0.6444	0.7111	0.7273	0.4348
18	0.4556	0.7111	0.3182	0.0870
20	0.4889	0.5556	0.7391	0.0909
21	0.4333	0.3778	0.0417	1.0000
22	0.5667	0.6667	0.2273	0.6957
23	0.5667	0.6000	0.4545	0.6087
27	0.4778	0.4889	0.3478	0.5909
28	0.5667	0.6667	0.6364	0.3043
29	0.7333	0.5556	0.8696	0.9545
30	0.5111	0.4000	0.5417	0.7143
32	0.8222	0.8444	0.9048	0.7083
33	0.5444	0.4889	0.4783	0.7273
35	0.5111	0.4444	1.0000	0.1739
37	0.4432	0.7111	0.1818	0.1429
38	0.3556	0.3556	0.2174	0.5000
39	0.3889	0.4889	0.2609	0.3182
40	0.4333	0.7111	0.0000	0.2917
41	0.3933	0.3556	0.7391	0.0952
43	0.7444	0.8889	0.6522	0.5455
44	0.6444	0.5778	0.6818	0.7391
51	0.4444	0.5556	0.2500	0.4286
52	0.7222	0.6889	0.7500	0.7619
55	0.7889	0.7111	0.8696	0.8636
57	0.4778	0.6444	0.1667	0.4762
59	0.4222	0.5333	0.2500	0.3810
60	0.6778	0.5556	0.6522	0.9545
64	0.5506	0.4889	0.5217	0.7143
65	0.5000	0.4667	0.4167	0.6667
66	0.2111	0.2000	0.3182	0.1304
67	0.3556	0.4444	0.3182	0.2174
68	0.6111	0.6222	0.6364	0.5652
69	0.6556	0.8000	0.4167	0.6190
71	0.7778	0.7111	0.9091	0.7826
73	0.6207	0.7111	0.3810	0.6667
75	0.6111	0.4667	0.6818	0.8261
77	0.4778	0.5556	0.6190	0.2083
78	0.4444	0.3778	0.7826	0.2273
79	0.4111	0.6222	0.2273	0.1739
80	0.6444	0.6444	0.3043	1.0000
81	0.4000	0.5111	0.5909	0.0000
82	0.5444	0.4667	0.5217	0.7273
83	0.6333	0.7333	0.8636	0.2174
84	0.4111	0.2444	0.5652	0.5909
85	0.8444	0.9111	0.6087	0.9545
90	0.5667	0.6222	0.6818	0.3478
91	0.4889	0.4667	0.7273	0.3043
93	0.7000	0.6000	0.9565	0.6364
94	0.6222	0.8000	0.2727	0.6087
95	0.5111	0.4889	0.6957	0.3636
96	0.4444	0.4222	0.5217	0.4091
97	0.4889	0.6667	0.4783	0.1364
98	0.4889	0.4222	0.8261	0.2727
101	0.3778	0.3778	0.5909	0.1739
102	0.7356	0.6667	0.9048	0.7143
103	0.4889	0.4000	0.7727	0.3913
106	0.4667	0.3778	0.9167	0.1429
